0 0 0 230
0 230 220 230
220 230 220 0
220 0 0 0
20 10 30 10
30 10 20 30
20 30 20 10
80 20 90 20
90 20 90 50
90 50 80 50
80 50 80 20
110 20 120 20
120 20 120 40
120 40 110 40
110 40 110 20
160 40 170 40
170 40 170 50
170 50 160 50
160 50 160 40
30 60 40 60
40 60 40 70
40 70 30 70
30 70 30 60
210 70 200 90
200 90 190 80
190 80 210 70
130 90 160 90
160 90 140 110
140 110 130 90
70 110 80 110
80 110 80 120
80 120 70 120
70 120 70 110
170 120 160 160
160 160 150 130
150 130 160 140
160 140 170 120
90 160 120 160
120 160 120 180
120 180 110 180
110 180 110 170
110 170 100 170
100 170 100 180
100 180 90 180
90 180 90 160
40 170 50 170
50 170 50 180
50 180 40 180
40 180 40 170
30 190 30 210
30 210 20 210
20 210 30 190
170 190 180 190
180 190 180 200
180 200 170 200
170 200 170 190