0 0 0 18
0 18 18 18
18 18 18 0
18 0 0 0
1 1 4 1
5 1 12 1
13 1 15 1
16 1 17 1
2 2 3 2
4 2 5 2
6 2 11 2
12 2 16 2
17 2 18 2
0 3 1 3
3 3 6 3
7 3 14 3
16 3 17 3
0 4 3 4
4 4 7 4
8 4 10 4
11 4 13 4
15 4 17 4
2 5 4 5
5 5 8 5
9 5 12 5
14 5 15 5
1 6 2 6
3 6 11 6
13 6 15 6
0 7 1 7
6 7 10 7
12 7 14 7
15 7 16 7
9 8 11 8
12 8 17 8
1 9 2 9
6 9 7 9
10 9 14 9
15 9 18 9
2 10 4 10
5 10 8 10
11 10 13 10
14 10 17 10
3 11 5 11
6 11 9 11
14 11 16 11
3 12 5 12
6 12 8 12
12 12 16 12
5 13 7 13
13 13 15 13
1 14 3 14
4 14 6 14
8 14 10 14
13 14 14 14
0 15 1 15
2 15 3 15
4 15 5 15
7 15 11 15
12 15 14 15
15 15 16 15
0 16 2 16
5 16 7 16
8 16 10 16
11 16 13 16
16 16 17 16
2 17 3 17
4 17 7 17
8 17 9 17
11 17 13 17
15 17 18 17
1 1 1 3
1 5 1 6
1 8 1 14
1 17 1 18
2 2 2 4
2 5 2 8
2 10 2 13
2 16 2 17
3 2 3 3
3 6 3 9
3 11 3 14
3 15 3 17
4 1 4 2
4 4 4 5
4 6 4 10
4 13 4 14
4 15 4 17
5 1 5 2
5 5 5 6
5 7 5 11
5 12 5 13
5 15 5 16
6 2 6 3
6 7 6 9
6 11 6 12
6 14 6 15
7 3 7 4
7 8 7 9
7 13 7 16
7 17 7 18
8 4 8 5
8 7 8 10
8 12 8 14
8 16 8 17
9 8 9 13
10 4 10 5
10 9 10 14
10 16 10 18
11 2 11 4
11 6 11 8
11 10 11 16
12 1 12 2
12 5 12 7
12 11 12 15
13 4 13 6
13 10 13 11
13 13 13 14
13 16 13 17
14 3 14 5
14 7 14 8
14 9 14 10
14 15 14 18
15 0 15 1
15 2 15 4
15 6 15 7
15 13 15 17
16 1 16 2
16 5 16 7
16 11 16 14
16 15 16 16
17 2 17 3
17 4 17 8
17 11 17 16