0 0 1100 0
1100 0 1100 700
1100 700 0 700
0 700 0 0
50 50 50 100
50 100 75 102
75 102 76 78
76 78 100 50
100 50 50 50
53 156 100 250
100 250 83 317
83 317 138 298
138 298 147 235
147 235 127 175
127 175 53 156
68 385 113 477
113 477 175 435
175 435 68 385
50 600 138 673
138 673 263 596
263 596 153 583
153 583 159 531
159 531 117 553
117 553 120 587
120 587 50 600
199 69 197 130
197 130 238 145
238 145 222 191
222 191 350 200
350 200 199 69
239 236 200 250
200 250 180 312
180 312 221 314
221 314 215 377
215 377 260 359
260 359 282 402
282 402 372 384
372 384 418 350
418 350 404 285
404 285 356 267
356 267 297 268
297 268 239 236
351 444 312 521
312 521 441 562
441 562 550 500
550 500 425 434
425 434 400 483
400 483 351 444
302 619 340 672
340 672 384 647
384 647 390 578
390 578 302 619
482 63 443 123
443 123 525 113
525 113 482 63
435 179 415 241
415 241 487 267
487 267 500 200
500 200 435 179
544 256 522 323
522 323 603 378
603 378 695 310
695 310 643 230
643 230 544 256
667 82 641 117
641 117 661 153
661 153 710 175
710 175 761 201
761 201 807 195
807 195 821 167
821 167 800 150
800 150 797 109
797 109 764 81
764 81 667 82
714 398 656 458
656 458 641 506
641 506 681 544
681 544 808 474
808 474 714 398
662 615 643 674
643 674 830 673
830 673 791 602
791 602 662 615
850 50 900 100
900 100 950 50 
950 50 905 38
905 38 850 50
896 236 800 300
800 300 856 328
856 328 918 281
918 281 896 236
965 406 874 440
874 440 902 479
902 479 863 576
863 576 985 582
985 582 952 543
952 543 1030 481
1030 481 965 406
999 626 919 653
919 653 1034 658
1034 658 999 626
946 140 918 178
918 178 956 223
956 223 1012 241
1012 241 1050 200
1050 200 1050 250
1050 250 1076 216
1076 216 1078 118
1078 118 1050 100
1050 100 1075 57
1075 57 1050 50
1050 50 1000 100
1000 100 1050 150
1050 150 988 176
988 176 946 140